%YAML:1.0
    width: 800.000000
    height: 600.000000
    baseline: 0.005512
    fx: 918.480005
    Rot: !!opencv-matrix
        rows: 3
        cols: 3
        dt: f
        data: [ 0.999609, 0.004035, -0.027660, 
            -0.004046, 0.999992, -0.000341, 0.027659, 
            0.000453, 0.999617]
    Trans: !!opencv-matrix
        rows: 1
        cols: 3
        dt: f
        data: [ -5.481876, -0.159548, -0.551381]
    TMatrix: !!opencv-matrix
        rows: 4
        cols: 4
        dt: f
        data: [ 0.999609, -0.004046, 0.027659, 
            -5.481876, 0.004035, 0.999992, 0.000453, 
            -0.159548, -0.027660, -0.000341, 0.999617, 
            -0.551381, 0.000000, 0.000000, 0.000000, 
            1.000000]
    M1: !!opencv-matrix
        rows: 3
        cols: 3
        dt: f
        data: [ 921.474398, 0.650181, 375.557707, 
            0.000000, 920.481421, 313.332180, 0.000000, 
            0.000000, 1.000000]
    D1: !!opencv-matrix
        rows: 1
        cols: 5
        dt: f
        data: [ -0.324649, 0.664409, -0.009260, 
            -0.001294, 0.000000]
    M2: !!opencv-matrix
        rows: 3
        cols: 3
        dt: f
        data: [ 918.480005, -2.482270, 479.639161, 
            0.000000, 919.916298, 310.821448, 0.000000, 
            0.000000, 1.000000]
    D2: !!opencv-matrix
        rows: 1
        cols: 5
        dt: f
        data: [ -0.309132, 0.277968, -0.004858, 
            0.002063, 0.000000]
